%YAML:1.0
---
image_width: 1280
image_height: 720
camera_matrix: !!opencv-matrix
   rows: 3
   cols: 3
   dt: f
   data: [ 6.48141296e+02, 0., 6.67982422e+02, 0., 6.46731628e+02,
       3.65873047e+02, 0., 0., 1. ]
distortion_coefficients: !!opencv-matrix
   rows: 1
   cols: 5
   dt: f
   data: [ -2.79265672e-01, 1.01057447e-01, -5.29536570e-04,
       -1.43944623e-03, -1.98409781e-02 ]
