%YAML:1.0
---
image_width: 1280
image_height: 720
camera_matrix: !!opencv-matrix
   rows: 3
   cols: 3
   dt: f
   data: [ 1.44686194e+03, 0., 5.54306824e+02, 0., 1.45415027e+03,
       3.89516205e+02, 0., 0., 1. ]
distortion_coefficients: !!opencv-matrix
   rows: 1
   cols: 5
   dt: f
   data: [ 9.67227966e-02, -1.72963047e+00, -9.01692733e-03,
       1.76651031e-02, 2.80332661e+00 ]
